,Portfolio 1,Portfolio 2,Portfolio 3,Portfolio 4,Portfolio 5
JNJ,0.15385847561448146,0.2768470973001341,0.1576625260392245,0.16801465368665144,0.10132166439487998
PG,0.14131795252802554,0.06715220299032149,0.1477777342761489,0.1491062852193626,0.14967065201299118
MSF,0.0912939312704764,0.05748501595835394,0.10166311671147181,0.07368403448513876,0.10296534209575198
KO,0.10391981399707345,0.019126537225713912,0.10648916359576122,0.09426855288890269,0.10785320688373884
XOM,0.08203175663935233,0.1724122601207182,0.08405993830071397,0.08655270108082644,0.08513668067294404
NKE,0.13743147038242862,0.039319299212153914,0.14464512111837097,0.13285449317504594,0.14649883771545208
IBM,0.061588017153279606,0.1975372957919675,0.02087256618795662,0.07457254475302083,0.06668866180723644
WMT,0.10484025995152227,0.12876782241810172,0.11410680351816434,0.10134869081616396,0.11556915270689636
AAP,0.10811348221738418,0.03536315639164366,0.10629910637848503,0.10451290265185399,0.10766139510433448
JPM,0.015604840245976007,0.005989312590891578,0.016423923873702666,0.015085141243033437,0.01663440660577466
